   Time             I(L_B2)           V(L_B2)           I(L_A1)           V(L_A1)           Vo                Vref              V(S1)             V(C6)           
  6.419755119E-01  -1.773427597E+01  -3.629138004E+01   3.310569102E+01  -7.055105982E+01  -4.988056631E+01  -5.000000000E+01   1.065510598E+02   1.552020862E+02 
  6.419762811E-01  -3.169198640E+01  -3.621074873E+01   3.310220512E+01   2.575696856E+00  -4.972094921E+01  -5.000000000E+01   3.342430314E+01   1.540031521E+02 
  6.419770503E-01  -4.546818462E+01  -3.542555369E+01   3.309340361E+01   1.755467363E+00  -4.969556291E+01  -5.000000000E+01   3.424453264E+01   1.528111733E+02 
  6.419778196E-01  -5.863010850E+01  -3.349508647E+01   3.317952391E+01   3.599994961E+01  -4.989544724E+01  -5.000000000E+01   5.039036033E-05   1.516299919E+02 
  6.419785888E-01  -5.673965881E+01   1.265130111E+02   3.343078117E+01   3.599981951E+01  -5.044489863E+01  -5.000000000E+01   1.804915741E-04   1.504585025E+02 
  6.419793580E-01  -7.956030069E+00   1.268089107E+02   3.368184104E+01   3.599969168E+01  -5.052977005E+01  -5.000000000E+01   3.083195366E-04   1.492962111E+02 
  6.419801272E-01   3.513252005E+01   3.650699654E+01   3.393275256E+01   3.599956178E+01  -5.021841720E+01  -5.000000000E+01   4.382168684E-04   1.481407998E+02 
  6.419808965E-01   3.513739239E+01   4.396452461E-03   3.418342450E+01   3.599942799E+01  -4.992228168E+01  -5.000000000E+01   5.720059287E-04   1.469964128E+02 
  6.419816657E-01   3.513386864E+01  -2.271995866E-02   3.443395112E+01   3.599929401E+01  -4.975403840E+01  -5.000000000E+01   7.059887461E-04   1.458586645E+02 
  6.419824349E-01   3.512214864E+01  -3.822412445E-02   3.468428407E+01   3.599916205E+01  -4.975475569E+01  -5.000000000E+01   8.379511324E-04   1.447297224E+02 
  6.419832042E-01   2.310978603E+01  -3.567288485E+01   3.493436599E+01   3.599903906E+01  -5.007488895E+01  -5.000000000E+01   9.609448236E-04   1.436120986E+02 
  6.419839734E-01   9.754735447E+00  -3.487344561E+01   3.431526977E+01  -1.193950783E+02  -5.037709887E+01  -5.000000000E+01   1.553950783E+02   1.553947387E+02 
  6.419847426E-01  -3.817628277E+00  -3.553101182E+01   3.336717384E+01  -1.200560279E+02  -5.018678119E+01  -5.000000000E+01   1.560560279E+02   1.560559842E+02 
  6.419855119E-01  -1.773412306E+01  -3.629137781E+01   3.310561876E+01  -7.055165266E+01  -4.988056920E+01  -5.000000000E+01   1.065516527E+02   1.552021010E+02 
  6.419862811E-01  -3.169183467E+01  -3.621075358E+01   3.310213297E+01   2.575701897E+00  -4.972095106E+01  -5.000000000E+01   3.342429810E+01   1.540031668E+02 
  6.419870503E-01  -4.546803610E+01  -3.542556548E+01   3.309333154E+01   1.755470530E+00  -4.969556375E+01  -5.000000000E+01   3.424452947E+01   1.528111879E+02 
  6.419878195E-01  -5.862998140E+01  -3.349512503E+01   3.317944749E+01   3.599994961E+01  -4.989544236E+01  -5.000000000E+01   5.038816157E-05   1.516300063E+02 
  6.419885888E-01  -5.674003596E+01   1.265129974E+02   3.343070482E+01   3.599981951E+01  -5.044489486E+01  -5.000000000E+01   1.804895021E-04   1.504585167E+02 
  6.419893580E-01  -7.956409171E+00   1.268089085E+02   3.368176474E+01   3.599969168E+01  -5.052976955E+01  -5.000000000E+01   3.083175209E-04   1.492962252E+02 
  6.419901272E-01   3.513243086E+01   3.650723747E+01   3.393267632E+01   3.599956179E+01  -5.021841958E+01  -5.000000000E+01   4.382148622E-04   1.481408138E+02 
  6.419908965E-01   3.513730330E+01   4.396708583E-03   3.418334832E+01   3.599942800E+01  -4.992228363E+01  -5.000000000E+01   5.720039622E-04   1.469964266E+02 
  6.419916657E-01   3.513377966E+01  -2.271968921E-02   3.443387499E+01   3.599929401E+01  -4.975403997E+01  -5.000000000E+01   7.059868309E-04   1.458586783E+02 
  6.419924349E-01   3.512205976E+01  -3.822383641E-02   3.468420800E+01   3.599916205E+01  -4.975475696E+01  -5.000000000E+01   8.379492831E-04   1.447297361E+02 
  6.419932042E-01   2.310993098E+01  -3.567288689E+01   3.493428998E+01   3.599903906E+01  -5.007488766E+01  -5.000000000E+01   9.609430454E-04   1.436121121E+02 
  6.419939734E-01   9.754882467E+00  -3.487343926E+01   3.431520288E+01  -1.193950843E+02  -5.037710078E+01  -5.000000000E+01   1.553950843E+02   1.553947446E+02 
  6.419947426E-01  -3.817477190E+00  -3.553099989E+01   3.336710697E+01  -1.200560324E+02  -5.018678566E+01  -5.000000000E+01   1.560560324E+02   1.560559886E+02 
  6.419955118E-01  -1.773397016E+01  -3.629137558E+01   3.310554651E+01  -7.055224550E+01  -4.988057209E+01  -5.000000000E+01   1.065522455E+02   1.552021158E+02 
  6.419962811E-01  -3.169168296E+01  -3.621075844E+01   3.310206081E+01   2.575706939E+00  -4.972095291E+01  -5.000000000E+01   3.342429306E+01   1.540031815E+02 
  6.419970503E-01  -4.546788759E+01  -3.542557728E+01   3.309325947E+01   1.755473699E+00  -4.969556458E+01  -5.000000000E+01   3.424452630E+01   1.528112025E+02 
  6.419978195E-01  -5.862985431E+01  -3.349516360E+01   3.317937107E+01   3.599994961E+01  -4.989543747E+01  -5.000000000E+01   5.038596279E-05   1.516300207E+02 
  6.419985888E-01  -5.674041312E+01   1.265129838E+02   3.343062845E+01   3.599981951E+01  -5.044489109E+01  -5.000000000E+01   1.804874302E-04   1.504585309E+02 
  6.419993580E-01  -7.956788278E+00   1.268089063E+02   3.368168844E+01   3.599969168E+01  -5.052976904E+01  -5.000000000E+01   3.083155051E-04   1.492962393E+02 
  6.420001272E-01   3.513234167E+01   3.650747842E+01   3.393260008E+01   3.599956179E+01  -5.021842195E+01  -5.000000000E+01   4.382128560E-04   1.481408277E+02 
  6.420008965E-01   3.513721421E+01   4.396964699E-03   3.418327214E+01   3.599942800E+01  -4.992228558E+01  -5.000000000E+01   5.720019956E-04   1.469964404E+02 
  6.420016657E-01   3.513369066E+01  -2.271941968E-02   3.443379887E+01   3.599929402E+01  -4.975404155E+01  -5.000000000E+01   7.059849156E-04   1.458586920E+02 
  6.420024349E-01   3.512197087E+01  -3.822354840E-02   3.468413194E+01   3.599916205E+01  -4.975475824E+01  -5.000000000E+01   8.379474338E-04   1.447297497E+02 
  6.420032041E-01   2.311007593E+01  -3.567288892E+01   3.493421397E+01   3.599903906E+01  -5.007488636E+01  -5.000000000E+01   9.609412672E-04   1.436121257E+02 
  6.420039734E-01   9.755029487E+00  -3.487343291E+01   3.431513599E+01  -1.193950902E+02  -5.037710268E+01  -5.000000000E+01   1.553950902E+02   1.553947505E+02 
  6.420047426E-01  -3.817326102E+00  -3.553098795E+01   3.336704009E+01  -1.200560368E+02  -5.018679013E+01  -5.000000000E+01   1.560560368E+02   1.560559931E+02 
  6.420055118E-01  -1.773381725E+01  -3.629137335E+01   3.310547425E+01  -7.055283830E+01  -4.988057498E+01  -5.000000000E+01   1.065528383E+02   1.552021307E+02 
  6.420062811E-01  -3.169153124E+01  -3.621076329E+01   3.310198866E+01   2.575711980E+00  -4.972095476E+01  -5.000000000E+01   3.342428802E+01   1.540031962E+02 
  6.420070503E-01  -4.546773907E+01  -3.542558907E+01   3.309318740E+01   1.755476866E+00  -4.969556542E+01  -5.000000000E+01   3.424452313E+01   1.528112171E+02 
  6.420078195E-01  -5.862972722E+01  -3.349520217E+01   3.317929465E+01   3.599994962E+01  -4.989543258E+01  -5.000000000E+01   5.038376403E-05   1.516300350E+02 
  6.420085888E-01  -5.674079024E+01   1.265129701E+02   3.343055209E+01   3.599981951E+01  -5.044488732E+01  -5.000000000E+01   1.804853582E-04   1.504585451E+02 
  6.420093580E-01  -7.957167360E+00   1.268089041E+02   3.368161213E+01   3.599969169E+01  -5.052976854E+01  -5.000000000E+01   3.083134893E-04   1.492962535E+02 
  6.420101272E-01   3.513225248E+01   3.650771930E+01   3.393252384E+01   3.599956179E+01  -5.021842433E+01  -5.000000000E+01   4.382108498E-04   1.481408417E+02 
  6.420108964E-01   3.513712511E+01   4.397220744E-03   3.418319595E+01   3.599942800E+01  -4.992228753E+01  -5.000000000E+01   5.720000290E-04   1.469964542E+02 
  6.420116657E-01   3.513360167E+01  -2.271915016E-02   3.443372274E+01   3.599929402E+01  -4.975404312E+01  -5.000000000E+01   7.059830004E-04   1.458587057E+02 
  6.420124349E-01   3.512188199E+01  -3.822326042E-02   3.468405587E+01   3.599916205E+01  -4.975475951E+01  -5.000000000E+01   8.379455845E-04   1.447297633E+02 
  6.420132041E-01   2.311022088E+01  -3.567289096E+01   3.493413796E+01   3.599903906E+01  -5.007488506E+01  -5.000000000E+01   9.609394890E-04   1.436121392E+02 
  6.420139734E-01   9.755176504E+00  -3.487342657E+01   3.431506910E+01  -1.193950961E+02  -5.037710458E+01  -5.000000000E+01   1.553950961E+02   1.553947564E+02 
  6.420147426E-01  -3.817175019E+00  -3.553097602E+01   3.336697321E+01  -1.200560413E+02  -5.018679461E+01  -5.000000000E+01   1.560560413E+02   1.560559976E+02 
  6.420155118E-01  -1.773366435E+01  -3.629137112E+01   3.310540200E+01  -7.055343113E+01  -4.988057787E+01  -5.000000000E+01   1.065534311E+02   1.552021455E+02 
  6.420162811E-01  -3.169137953E+01  -3.621076815E+01   3.310191650E+01   2.575717022E+00  -4.972095661E+01  -5.000000000E+01   3.342428298E+01   1.540032110E+02 
  6.420170503E-01  -4.546759056E+01  -3.542560086E+01   3.309311533E+01   1.755480036E+00  -4.969556626E+01  -5.000000000E+01   3.424451996E+01   1.528112317E+02 
  6.420178195E-01  -5.862960013E+01  -3.349524074E+01   3.317921822E+01   3.599994962E+01  -4.989542769E+01  -5.000000000E+01   5.038156522E-05   1.516300494E+02 
  6.420185887E-01  -5.674116739E+01   1.265129565E+02   3.343047573E+01   3.599981952E+01  -5.044488355E+01  -5.000000000E+01   1.804832863E-04   1.504585593E+02 
  6.420193580E-01  -7.957546462E+00   1.268089019E+02   3.368153582E+01   3.599969169E+01  -5.052976804E+01  -5.000000000E+01   3.083114734E-04   1.492962676E+02 
  6.420201272E-01   3.513216329E+01   3.650796023E+01   3.393244759E+01   3.599956179E+01  -5.021842671E+01  -5.000000000E+01   4.382088436E-04   1.481408556E+02 
  6.420208964E-01   3.513703602E+01   4.397476876E-03   3.418311976E+01   3.599942800E+01  -4.992228948E+01  -5.000000000E+01   5.719980624E-04   1.469964681E+02 
  6.420216657E-01   3.513351267E+01  -2.271888063E-02   3.443364661E+01   3.599929402E+01  -4.975404470E+01  -5.000000000E+01   7.059810851E-04   1.458587194E+02 
  6.420224349E-01   3.512179310E+01  -3.822297239E-02   3.468397980E+01   3.599916206E+01  -4.975476078E+01  -5.000000000E+01   8.379437351E-04   1.447297769E+02 
  6.420232041E-01   2.311036582E+01  -3.567289300E+01   3.493406195E+01   3.599903906E+01  -5.007488376E+01  -5.000000000E+01   9.609377107E-04   1.436121528E+02 
  6.420239734E-01   9.755323522E+00  -3.487342022E+01   3.431500220E+01  -1.193951020E+02  -5.037710649E+01  -5.000000000E+01   1.553951020E+02   1.553947623E+02 
  6.420247426E-01  -3.817023934E+00  -3.553096409E+01   3.336690633E+01  -1.200560458E+02  -5.018679908E+01  -5.000000000E+01   1.560560458E+02   1.560560021E+02 
  6.420255118E-01  -1.773351144E+01  -3.629136889E+01   3.310532974E+01  -7.055402391E+01  -4.988058076E+01  -5.000000000E+01   1.065540239E+02   1.552021603E+02 
  6.420262810E-01  -3.169122781E+01  -3.621077300E+01   3.310184434E+01   2.575722064E+00  -4.972095846E+01  -5.000000000E+01   3.342427794E+01   1.540032257E+02 
  6.420270503E-01  -4.546744205E+01  -3.542561265E+01   3.309304326E+01   1.755483204E+00  -4.969556710E+01  -5.000000000E+01   3.424451680E+01   1.528112463E+02 
  6.420278195E-01  -5.862947305E+01  -3.349527930E+01   3.317914180E+01   3.599994962E+01  -4.989542281E+01  -5.000000000E+01   5.037936642E-05   1.516300638E+02 
  6.420285887E-01  -5.674154453E+01   1.265129428E+02   3.343039936E+01   3.599981952E+01  -5.044487979E+01  -5.000000000E+01   1.804812143E-04   1.504585735E+02 
  6.420293580E-01  -7.957925555E+00   1.268088997E+02   3.368145952E+01   3.599969169E+01  -5.052976754E+01  -5.000000000E+01   3.083094576E-04   1.492962817E+02 
  6.420301272E-01   3.513207409E+01   3.650820117E+01   3.393237134E+01   3.599956179E+01  -5.021842908E+01  -5.000000000E+01   4.382068373E-04   1.481408695E+02 
  6.420308964E-01   3.513694692E+01   4.397732982E-03   3.418304357E+01   3.599942800E+01  -4.992229144E+01  -5.000000000E+01   5.719960958E-04   1.469964819E+02 
  6.420316657E-01   3.513342368E+01  -2.271861110E-02   3.443357048E+01   3.599929402E+01  -4.975404627E+01  -5.000000000E+01   7.059791698E-04   1.458587331E+02 
  6.420324349E-01   3.512170421E+01  -3.822268432E-02   3.468390372E+01   3.599916206E+01  -4.975476205E+01  -5.000000000E+01   8.379418857E-04   1.447297905E+02 
  6.420332041E-01   2.311051077E+01  -3.567289503E+01   3.493398594E+01   3.599903906E+01  -5.007488246E+01  -5.000000000E+01   9.609359325E-04   1.436121663E+02 
  6.420339733E-01   9.755470536E+00  -3.487341388E+01   3.431493530E+01  -1.193951079E+02  -5.037710839E+01  -5.000000000E+01   1.553951079E+02   1.553947682E+02 
  6.420347426E-01  -3.816872853E+00  -3.553095216E+01   3.336683944E+01  -1.200560503E+02  -5.018680355E+01  -5.000000000E+01   1.560560503E+02   1.560560066E+02 
  6.420355118E-01  -1.773335854E+01  -3.629136666E+01   3.310525748E+01  -7.055461666E+01  -4.988058365E+01  -5.000000000E+01   1.065546167E+02   1.552021752E+02 
  6.420362810E-01  -3.169107610E+01  -3.621077785E+01   3.310177217E+01   2.575727106E+00  -4.972096031E+01  -5.000000000E+01   3.342427289E+01   1.540032404E+02 
  6.420370503E-01  -4.546729353E+01  -3.542562445E+01   3.309297118E+01   1.755486373E+00  -4.969556794E+01  -5.000000000E+01   3.424451363E+01   1.528112610E+02 
  6.420378195E-01  -5.862934596E+01  -3.349531787E+01   3.317906537E+01   3.599994962E+01  -4.989541792E+01  -5.000000000E+01   5.037716761E-05   1.516300782E+02 
  6.420385887E-01  -5.674192167E+01   1.265129291E+02   3.343032299E+01   3.599981952E+01  -5.044487602E+01  -5.000000000E+01   1.804791423E-04   1.504585877E+02 
  6.420393580E-01  -7.958304643E+00   1.268088975E+02   3.368138321E+01   3.599969169E+01  -5.052976703E+01  -5.000000000E+01   3.083074418E-04   1.492962958E+02 
  6.420401272E-01   3.513198489E+01   3.650844204E+01   3.393229509E+01   3.599956180E+01  -5.021843146E+01  -5.000000000E+01   4.382048311E-04   1.481408835E+02 
  6.420408964E-01   3.513685782E+01   4.397989081E-03   3.418296738E+01   3.599942801E+01  -4.992229339E+01  -5.000000000E+01   5.719941292E-04   1.469964957E+02 
  6.420416656E-01   3.513333468E+01  -2.271834155E-02   3.443349435E+01   3.599929402E+01  -4.975404785E+01  -5.000000000E+01   7.059772545E-04   1.458587468E+02 
  6.420424349E-01   3.512161531E+01  -3.822239629E-02   3.468382765E+01   3.599916206E+01  -4.975476332E+01  -5.000000000E+01   8.379400363E-04   1.447298041E+02 
  6.420432041E-01   2.311065571E+01  -3.567289706E+01   3.493390992E+01   3.599903907E+01  -5.007488117E+01  -5.000000000E+01   9.609341542E-04   1.436121798E+02 
  6.420439733E-01   9.755617547E+00  -3.487340753E+01   3.431486840E+01  -1.193951139E+02  -5.037711030E+01  -5.000000000E+01   1.553951139E+02   1.553947741E+02 
  6.420447426E-01  -3.816721775E+00  -3.553094022E+01   3.336677255E+01  -1.200560548E+02  -5.018680802E+01  -5.000000000E+01   1.560560548E+02   1.560560111E+02 
  6.420455118E-01  -1.773320564E+01  -3.629136443E+01   3.310518521E+01  -7.055520944E+01  -4.988058654E+01  -5.000000000E+01   1.065552094E+02   1.552021900E+02 
  6.420462810E-01  -3.169092439E+01  -3.621078271E+01   3.310170001E+01   2.575732148E+00  -4.972096216E+01  -5.000000000E+01   3.342426785E+01   1.540032551E+02 
  6.420470503E-01  -4.546714502E+01  -3.542563624E+01   3.309289910E+01   1.755489543E+00  -4.969556878E+01  -5.000000000E+01   3.424451046E+01   1.528112756E+02 
  6.420478195E-01  -5.862921888E+01  -3.349535644E+01   3.317898894E+01   3.599994963E+01  -4.989541303E+01  -5.000000000E+01   5.037496877E-05   1.516300926E+02 
  6.420485887E-01  -5.674229880E+01   1.265129155E+02   3.343024662E+01   3.599981952E+01  -5.044487225E+01  -5.000000000E+01   1.804770703E-04   1.504586020E+02 
  6.420493579E-01  -7.958683732E+00   1.268088953E+02   3.368130689E+01   3.599969169E+01  -5.052976653E+01  -5.000000000E+01   3.083054259E-04   1.492963099E+02 
  6.420501272E-01   3.513189569E+01   3.650868296E+01   3.393221884E+01   3.599956180E+01  -5.021843384E+01  -5.000000000E+01   4.382028248E-04   1.481408974E+02 
  6.420508964E-01   3.513676871E+01   4.398245204E-03   3.418289119E+01   3.599942801E+01  -4.992229534E+01  -5.000000000E+01   5.719921625E-04   1.469965095E+02 
  6.420516656E-01   3.513324567E+01  -2.271807196E-02   3.443341821E+01   3.599929402E+01  -4.975404942E+01  -5.000000000E+01   7.059753392E-04   1.458587606E+02 
  6.420524349E-01   3.512152642E+01  -3.822210824E-02   3.468375157E+01   3.599916206E+01  -4.975476460E+01  -5.000000000E+01   8.379381869E-04   1.447298177E+02 
  6.420532041E-01   2.311080065E+01  -3.567289910E+01   3.493383390E+01   3.599903907E+01  -5.007487987E+01  -5.000000000E+01   9.609323760E-04   1.436121934E+02 
  6.420539733E-01   9.755764560E+00  -3.487340118E+01   3.431480150E+01  -1.193951198E+02  -5.037711220E+01  -5.000000000E+01   1.553951198E+02   1.553947800E+02 
  6.420547426E-01  -3.816570695E+00  -3.553092829E+01   3.336670567E+01  -1.200560593E+02  -5.018681250E+01  -5.000000000E+01   1.560560593E+02   1.560560156E+02 
  6.420555118E-01  -1.773305274E+01  -3.629136220E+01   3.310511295E+01  -7.055580217E+01  -4.988058943E+01  -5.000000000E+01   1.065558022E+02   1.552022048E+02 
  6.420562810E-01  -3.169077268E+01  -3.621078756E+01   3.310162784E+01   2.575737189E+00  -4.972096401E+01  -5.000000000E+01   3.342426281E+01   1.540032698E+02 
  6.420570502E-01  -4.546699651E+01  -3.542564803E+01   3.309282702E+01   1.755492712E+00  -4.969556962E+01  -5.000000000E+01   3.424450729E+01   1.528112902E+02 
  6.420578195E-01  -5.862909179E+01  -3.349539500E+01   3.317891251E+01   3.599994963E+01  -4.989540815E+01  -5.000000000E+01   5.037276995E-05   1.516301069E+02 
  6.420585887E-01  -5.674267592E+01   1.265129018E+02   3.343017025E+01   3.599981953E+01  -5.044486848E+01  -5.000000000E+01   1.804749983E-04   1.504586162E+02 
  6.420593579E-01  -7.959062804E+00   1.268088931E+02   3.368123058E+01   3.599969170E+01  -5.052976603E+01  -5.000000000E+01   3.083034101E-04   1.492963240E+02 
  6.420601272E-01   3.513180648E+01   3.650892382E+01   3.393214259E+01   3.599956180E+01  -5.021843621E+01  -5.000000000E+01   4.382008186E-04   1.481409113E+02 
  6.420608964E-01   3.513667961E+01   4.398501306E-03   3.418281499E+01   3.599942801E+01  -4.992229729E+01  -5.000000000E+01   5.719901959E-04   1.469965234E+02 
  6.420616656E-01   3.513315667E+01  -2.271780243E-02   3.443334208E+01   3.599929403E+01  -4.975405100E+01  -5.000000000E+01   7.059734239E-04   1.458587743E+02 
  6.420624349E-01   3.512143752E+01  -3.822182018E-02   3.468367550E+01   3.599916206E+01  -4.975476587E+01  -5.000000000E+01   8.379363376E-04   1.447298313E+02 
  6.420632041E-01   2.311094559E+01  -3.567290113E+01   3.493375788E+01   3.599903907E+01  -5.007487857E+01  -5.000000000E+01   9.609305978E-04   1.436122069E+02 
  6.420639733E-01   9.755911571E+00  -3.487339484E+01   3.431473459E+01  -1.193951257E+02  -5.037711410E+01  -5.000000000E+01   1.553951257E+02   1.553947859E+02 
  6.420647425E-01  -3.816419617E+00  -3.553091636E+01   3.336663877E+01  -1.200560638E+02  -5.018681697E+01  -5.000000000E+01   1.560560638E+02   1.560560201E+02 
  6.420655118E-01  -1.773289985E+01  -3.629135997E+01   3.310504068E+01  -7.055639489E+01  -4.988059232E+01  -5.000000000E+01   1.065563949E+02   1.552022197E+02 
  6.420662810E-01  -3.169062097E+01  -3.621079241E+01   3.310155567E+01   2.575742230E+00  -4.972096586E+01  -5.000000000E+01   3.342425777E+01   1.540032846E+02 
  6.420670502E-01  -4.546684801E+01  -3.542565982E+01   3.309275494E+01   1.755495880E+00  -4.969557046E+01  -5.000000000E+01   3.424450412E+01   1.528113048E+02 
  6.420678195E-01  -5.862896471E+01  -3.349543357E+01   3.317883607E+01   3.599994963E+01  -4.989540326E+01  -5.000000000E+01   5.037057112E-05   1.516301213E+02 
  6.420685887E-01  -5.674305304E+01   1.265128882E+02   3.343009387E+01   3.599981953E+01  -5.044486471E+01  -5.000000000E+01   1.804729263E-04   1.504586304E+02 
  6.420693579E-01  -7.959441879E+00   1.268088909E+02   3.368115427E+01   3.599969170E+01  -5.052976553E+01  -5.000000000E+01   3.083013943E-04   1.492963381E+02 
  6.420701272E-01   3.513171728E+01   3.650916469E+01   3.393206633E+01   3.599956180E+01  -5.021843859E+01  -5.000000000E+01   4.381988123E-04   1.481409253E+02 
  6.420708964E-01   3.513659050E+01   4.398757399E-03   3.418273880E+01   3.599942801E+01  -4.992229925E+01  -5.000000000E+01   5.719882293E-04   1.469965372E+02 
  6.420716656E-01   3.513306766E+01  -2.271753287E-02   3.443326594E+01   3.599929403E+01  -4.975405257E+01  -5.000000000E+01   7.059715086E-04   1.458587880E+02 
  6.420724348E-01   3.512134862E+01  -3.822153215E-02   3.468359942E+01   3.599916207E+01  -4.975476714E+01  -5.000000000E+01   8.379344882E-04   1.447298450E+02 
  6.420732041E-01   2.311109053E+01  -3.567290317E+01   3.493368186E+01   3.599903907E+01  -5.007487727E+01  -5.000000000E+01   9.609288195E-04   1.436122205E+02 
  6.420739733E-01   9.756058580E+00  -3.487338849E+01   3.431466768E+01  -1.193951316E+02  -5.037711601E+01  -5.000000000E+01   1.553951316E+02   1.553947918E+02 
  6.420747425E-01  -3.816268541E+00  -3.553090442E+01   3.336657188E+01  -1.200560683E+02  -5.018682144E+01  -5.000000000E+01   1.560560683E+02   1.560560245E+02 
